31.18389
3.64317
-0.77136
-8.58957
-0.76890
-7.32647
3.67706
-8.26752
5.62860
-2.92105
-7.38041
16.37784
-4.52757
3.17787
-4.68933
-1.44050
1.30513
-3.38724
7.31342
-11.63982
14.59530
4.64611
0.02183
-0.28908
0.00000
-24.46396
-7.68802
41.55611
11.30789
-6.23475
-9.77468
-10.82032
12.10664
-13.13078
-3.29169
4.80184
-2.95057
-6.62457
1.77642
1.58712
5.44501
-5.55201
-8.03507
-1.99629
-9.48170
3.21100
-5.02502
1.37706
-1.77608
0.00000
-32.82435
-20.35982
5.73114
-7.77911
18.46874
20.29227
-11.02287
0.19237
-4.91639
-3.32746
-3.03998
-5.39155
1.02305
-8.77125
-3.78507
-7.04020
3.30323
3.18957
-4.73984
-2.72302
3.68403
11.76209
-6.89453
-1.82059
0.00000
-12.61700
4.70326
-18.55361
18.99824
-10.63811
4.32776
1.93811
2.04518
3.20704
-4.93886
0.43079
-0.86901
0.37075
0.13528
2.50689
1.11667
0.00326
2.71027
-1.71387
-3.84034
-0.34645
2.52199
4.43559
-0.89385
0.00000
-9.08456
-17.56501
6.01516
-2.79506
-0.42492
0.67065
-0.14117
-3.33068
1.02210
0.34851
-0.83173
-1.07715
0.30669
2.86394
-0.15263
-3.49192
0.42730
-1.15320
-2.51305
-1.03166
-0.74922
0.76716
3.83644
15.26637
0.00000
18.88835
-12.51394
6.49452
-16.77693
-22.20494
-18.85759
1.66269
6.84799
-0.45834
-9.38398
9.76580
3.85182
-4.97363
-1.41310
3.30012
3.39420
-1.16305
0.12237
2.94619
4.25199
-10.70504
12.14691
-3.52831
-0.33359
0.00000
-34.45831
-26.21198
15.08363
-9.18077
-8.33795
11.55760
23.61740
-8.38599
13.23259
0.10651
10.39388
-2.07951
5.97318
3.97512
1.72255
-5.85133
0.60959
-0.93245
12.63358
2.45573
1.17448
-4.52590
0.16332
-2.55333
0.00000
4.79195
45.39137
0.89616
-8.43153
-8.30323
7.17198
-17.99098
1.51554
8.41433
21.73190
18.00325
-1.88206
-4.23568
-5.90689
2.60827
-8.22411
-1.21058
0.72945
2.37718
-2.15949
0.79033
-0.10597
-0.57062
0.77095
0.00000
-6.46523
28.99635
12.37885
-4.52495
-11.47606
3.81609
6.36825
-1.95975
-7.59704
11.48829
-6.52421
-2.94202
19.50700
12.88428
-5.99753
13.89305
-1.76461
4.19381
-2.13141
2.70534
2.71788
4.41076
-3.50138
0.47115
0.00000
-10.52333
17.09400
-6.99995
-4.60269
9.82886
-19.04495
22.87704
23.51875
12.58618
0.83805
-4.61407
-4.66191
-1.04226
-6.95589
-4.89606
-4.88129
-6.50911
-5.24494
-8.28248
4.67225
4.99656
-0.93373
-2.88804
0.35229
0.00000
-38.96018
-2.77518
-8.32513
-3.61259
10.94545
-8.14094
-6.49825
-14.43155
11.23514
4.84233
2.87082
12.60458
-14.56617
1.27163
-4.10924
15.57667
4.72527
1.25562
-5.68178
5.08866
-1.64782
-3.30917
-2.66787
-0.42148
0.00000
42.42587
-22.72560
-0.86411
2.20168
-0.84796
-5.70481
-8.63011
-15.95094
10.72053
-4.95063
10.19375
-15.83109
6.69195
3.86999
1.52638
1.30855
2.43587
-5.34403
-12.43434
2.85920
6.04059
-1.78608
-0.50414
-1.92849
0.00000
27.97441
11.92464
2.53739
-8.35210
18.33945
28.06566
14.19507
2.43340
-10.57141
-9.63349
12.45503
9.81644
0.44659
-8.65375
5.24962
9.28750
-6.18792
-1.62103
-3.36909
2.66218
0.31953
-1.93891
3.36749
0.67223
0.00000
-4.15055
0.75547
-10.91744
-27.43071
5.11355
-0.10430
-13.72686
5.45296
5.56530
-3.18584
-16.84771
-9.17221
1.03759
-0.62718
21.20539
6.96529
-2.57881
0.23178
6.94264
-0.00739
1.14744
-3.16923
1.19990
-0.27373
0.00000
18.52580
-43.11966
-27.52593
-6.07105
-4.38905
12.05869
-3.71008
20.73881
-9.90478
16.73019
0.63734
0.57552
-5.29058
9.46686
-8.87442
1.29264
1.26595
-2.67323
2.10208
1.44144
0.13854
-3.24801
-0.07962
-1.13439
0.00000
11.73261
7.84589
-6.51049
-8.42375
-4.24258
-4.97452
1.00277
-4.54669
-4.85766
-10.52716
-0.64980
-13.08008
-1.29793
-12.95611
-17.14170
4.36301
2.17526
10.18229
6.67778
-6.96598
-3.52919
-8.14417
-3.15134
1.16078
0.00000
6.74054
0.37430
6.71016
-1.17508
7.44096
-7.11264
-2.60130
-0.53821
-5.70252
-5.81478
0.64206
5.35755
-5.18343
14.85774
3.58964
-12.02827
-9.01012
20.00691
-4.35486
3.83859
1.44098
-3.93883
-0.81075
-1.15440
0.00000
29.57255
-21.89000
27.97140
25.91827
4.69815
1.16182
-2.32452
1.42112
12.35074
14.32120
-12.85021
4.09639
2.01110
-13.76383
-0.19982
2.72781
-2.60516
6.57623
3.23340
4.55995
-3.48635
0.87409
2.72855
-0.86635
0.00000
-11.94127
-3.48778
-19.91500
9.44554
-1.72649
-8.95099
-12.71298
-14.65537
-11.17037
-1.65778
-2.23582
8.34922
11.55248
-6.58704
-2.75102
-6.28074
-15.77754
-9.89898
4.78214
6.05742
-1.62525
-2.31431
-3.43729
-0.10176
0.00000
-1.55413
-1.17878
-3.44674
5.13623
12.11387
-19.57514
0.52758
7.53493
-10.62802
2.21976
6.42540
9.53345
15.81341
-4.56578
8.62865
-3.46089
20.15719
1.96677
0.49543
-1.14342
-0.36192
-3.69491
-1.13614
-0.08214
0.00000
5.40009
16.96418
8.74555
-3.38568
-10.87466
9.89735
1.14906
-4.10551
-3.57425
-3.92339
-11.82679
1.56042
-5.59437
1.85058
-1.88052
-7.12629
7.98204
-6.19237
-3.79610
4.44928
-4.39543
-2.52723
0.84362
-1.28251
0.00000
9.64073
15.45246
-1.92867
13.51293
35.67144
-8.00570
8.13913
-7.62033
-4.29078
4.73049
1.14596
-12.00849
-6.54474
11.94998
-0.58056
-0.65191
-0.01977
-5.91071
8.73310
-2.81783
-8.32164
5.01561
1.48144
-0.71180
0.00000
