-3.404848     -21.430691     -18.777830     -27.801581     -3.193662     -35.065968     -22.739339     -23.656271     -8.085074     -23.386644     -17.608268     -22.465462     -13.423512     -17.373535     -29.590661     -6.099725     -18.269577     -23.998595     -12.588896     -24.631318     -30.718108     -21.749486     -35.400851     -41.651162     -8.714120
-1.937843     8.055520     12.004823     18.184488     -16.999331     9.566733     12.259673     14.990423     25.846716     5.834425     15.707709     18.868391     12.479421     19.818628     -1.789185     47.757934     23.571393     -5.451393     25.836178     9.201061     -9.568688     23.535819     0.889899     38.312212     20.129397
-27.347389     -24.209385     -27.827512     -42.082943     -33.429576     -5.279676     -13.757848     -21.094974     -39.401317     -17.249531     -35.087909     -37.853099     -25.269579     -24.094306     -21.842294     -19.629427     7.998112     -36.042704     -13.498830     -20.654972     -27.977453     -36.828461     -36.140166     -12.825768     -32.383867
-30.363504     -6.610637     -28.297173     -23.918196     -21.322093     -30.475320     -13.097285     -33.344808     -30.229605     -43.641410     -38.454281     -39.553489     -11.148198     -25.690614     -40.607547     5.245236     -17.908025     -5.018021     -14.222750     -9.419084     -44.015943     -48.507202     -28.061691     -33.876803     -48.999826
-16.320222     -8.660303     -8.213265     -11.703004     -8.526549     -15.723818     -14.142616     6.824922     1.965338     -18.756625     -9.925354     -9.202387     -11.087633     6.019840     -11.883334     0.016614     -6.507216     -23.674255     -2.776574     -13.977937     -15.680090     -18.378707     -11.428817     3.843313     -16.023052
15.877300     31.246833     28.670156     16.297426     -8.388639     26.608999     42.596212     1.834472     19.897485     22.212911     29.586971     51.136136     42.692315     27.413135     20.928334     10.381938     48.392251     24.508132     11.038156     14.551404     25.736043     -2.812750     46.717567     39.929518     40.683171
-6.253285     -1.164951     3.535823     -1.192241     -0.057683     -20.780689     -9.324339     21.681738     13.497283     -7.171532     7.905053     3.436043     -20.906053     -13.041523     1.833626     -5.516299     3.700020     -6.841782     14.311806     -13.090136     -3.731858     -4.041029     -10.399927     -1.870089     11.896180
-16.172067     -7.777735     -11.361016     -24.712565     -15.948637     19.322008     -16.511889     -28.118248     -10.626704     5.445572     -15.322313     0.931330     -4.090280     -11.367413     -10.863344     -18.698847     2.901425     -20.083787     -10.609407     -11.674820     -28.258420     -26.100290     -12.067794     -5.305097     -29.469066
12.440694     -11.541792     2.600249     -15.426747     1.387693     13.101573     9.311560     20.454108     5.861381     11.130981     -7.034723     8.116976     -7.934669     0.033565     2.032376     -0.518297     11.403726     -18.108194     6.362444     9.541957     -9.172865     14.010367     2.096719     1.419124     9.231462
14.858468     1.900646     9.978066     -12.799343     18.328775     -36.015424     -26.825162     -13.232117     31.827188     -31.738421     -24.434391     -6.460063     -2.570865     -16.318421     -19.539584     -2.571579     -8.481121     -19.233398     -40.417480     -37.759126     -2.147209     -18.179811     -14.922797     -2.540001     -6.400374
16.131161     19.838602     26.862604     48.970577     14.418844     52.694330     26.059074     40.740298     11.074324     48.387628     38.737127     70.981400     44.511942     44.815101     43.197147     24.184456     14.288374     24.185328     21.210365     18.312956     9.226764     59.977400     38.929579     37.830526     29.592770
-14.672240     -2.944006     -11.490447     -13.624351     -19.210459     -0.452698     -14.699302     4.400299     -6.734705     -9.060297     1.867640     -7.282382     17.128838     21.157910     -3.119978     -16.908403     16.121717     -12.195720     -10.362020     -16.635688     19.218254     -22.481799     -10.939678     -11.855110     -9.614495
10.294984     10.500028     -2.187447     2.814509     -24.520743     15.225128     -0.144237     6.700739     -2.278495     0.479801     -3.846932     -9.969537     -9.876568     9.478725     -8.555085     2.044456     22.060588     8.123707     2.126370     9.205582     15.384992     28.691028     0.987686     3.602099     15.588862
-11.480878     -16.042010     -8.278390     -16.438602     4.675028     -31.673007     -9.788649     -20.665983     -21.401678     -26.317124     -5.905693     -26.489009     -27.455876     -12.665831     -11.184977     15.519249     -31.065947     -7.796029     -7.112628     -3.815126     -29.709419     -11.690489     -22.711656     -13.994129     -9.922935
-23.963359     -28.410034     -17.873850     -22.998109     -15.597673     -11.995925     -2.490767     -10.651221     -24.359025     -4.000643     -35.002979     -29.239818     -39.992037     -12.349766     -23.556281     -12.869784     -16.783087     -25.967237     -30.477206     -6.834044     -34.275017     -29.595228     -15.325544     -25.110941     -40.114095
-41.940278     -33.529495     -48.874446     -66.236692     -66.470899     -59.158304     -60.067919     -49.342131     -8.716458     -59.097755     -61.155059     -69.505191     -23.292813     -24.921069     -62.513777     -44.838288     -26.964847     -33.337162     -34.463803     -54.809563     -39.369501     -59.383180     -58.609711     -31.921765     -75.908055
-2.112846     -12.520764     -0.135444     -3.756820     2.235857     27.035197     22.520261     9.264957     -13.208714     2.688793     15.246266     -7.793146     -6.770294     -4.268032     31.138394     11.854023     6.343868     -12.694091     -1.551370     38.233629     8.630302     -17.640330     2.499571     18.162212     -13.082529
3.893273     9.753353     10.884955     16.343516     13.070362     15.795190     11.969530     7.073103     1.450086     15.181725     7.386935     16.615905     29.879663     16.689442     17.547485     34.033912     6.100410     4.158642     13.719771     20.986575     35.420875     -7.299537     37.205940     15.193794     27.813020
-10.977165     -4.592175     -5.125702     -14.322944     -0.982819     -26.182463     -10.018760     -2.368463     15.411186     -18.994912     -0.116281     -23.218532     6.422849     -13.795909     -21.953846     -14.439403     -1.850458     14.091913     2.537171     -23.416414     -16.340759     -11.656625     -14.553732     9.487516     -7.857419
-3.359371     0.253639     -7.216231     -14.546631     -22.303304     4.336260     -11.899192     4.652358     -8.494369     -15.443939     -31.021534     -23.946277     -8.579204     -1.761272     -15.296821     3.120656     -4.414909     -16.434121     -23.350075     -8.079567     -11.468494     6.658136     -12.778323     1.376619     -14.411259
-12.300093     4.025927     -7.859578     -14.394593     -18.420744     -6.125497     -11.603971     -8.147573     -11.852727     -2.223017     -7.864151     -15.264998     11.370793     -20.053110     8.593665     -4.110790     0.240478     -11.457610     2.154361     -8.588663     1.540405     1.016905     -15.308422     6.472443     -23.923506
19.464627     2.473634     6.565435     1.609122     -9.822245     30.995474     13.048414     5.877113     18.460156     47.525713     33.074615     29.112329     22.173856     8.615159     39.635881     8.408375     38.401514     1.504631     28.861774     9.296754     37.419127     28.677908     20.538968     25.778927     28.962149
23.757914     25.878446     39.701934     56.873931     39.945221     39.593811     14.084311     34.319169     35.602379     42.187004     28.297938     57.664843     21.531800     46.740593     28.308068     21.942782     35.086931     46.051827     16.183338     35.275019     27.851825     56.807119     37.505014     35.185395     53.213194
0.323395     -7.900170     -3.064236     -9.079281     5.840025     13.336810     -0.599463     -26.446990     5.767443     -7.715310     -0.903013     -11.168662     -5.509038     -9.744727     3.601888     19.714725     -8.694061     16.711313     -4.015848     9.000802     -12.923711     -22.486477     -6.874951     3.988768     5.692675
25.598554     27.155309     31.367108     39.742591     18.216624     41.402810     35.296428     37.921273     29.882420     40.005163     53.651682     43.784242     18.873230     32.336805     31.234341     31.618535     50.771187     30.555553     30.053370     30.633184     28.933708     39.693948     37.594334     38.135526     42.733325
-18.614836     0.200960     -4.573967     3.379607     -3.880164     -17.855419     -14.509593     10.629231     -7.773698     -19.795874     -12.183886     -1.126230     -4.552059     2.010552     -13.991048     -2.027896     -13.494209     -3.623202     -17.462256     -9.765335     2.723913     -18.950627     -3.626426     -11.030370     -5.463159
-2.437359     -12.892079     -9.669641     -4.420374     0.250911     9.327888     0.034406     12.422001     -29.286173     11.587122     6.499723     -10.091660     -15.367262     5.508289     -9.898627     7.527980     16.447750     -22.295430     -9.781964     -2.122143     -9.300312     -5.345311     6.103926     -7.666122     1.057817
-19.845664     -6.405491     -5.665159     12.302153     -19.622576     37.581539     19.312069     25.216441     2.085344     20.724275     10.096087     -13.446125     4.251104     15.012861     16.422286     20.381696     11.110555     -12.723287     32.165606     19.055469     16.427934     -13.060109     8.570647     33.597693     -16.243215
-12.010673     -6.563789     -22.983981     -24.566602     -14.853528     -29.830828     -39.799616     -10.563677     -6.234637     -27.404374     -28.711611     -33.496266     -7.937872     -17.210026     -37.845711     -25.633933     -21.447907     -2.100746     -42.774960     -31.887905     -21.381351     2.645415     -33.003156     -25.881441     -44.329960
21.185775     1.711690     11.508793     10.475482     9.315490     21.786405     17.927762     1.904373     12.314117     18.102114     17.479281     4.830179     5.813542     5.251695     11.270486     6.738063     5.404945     -10.196151     3.768423     13.621700     14.306261     28.468538     17.220574     1.603146     -8.728263
-0.741018     17.026052     10.965715     22.824278     11.575777     21.189070     21.418267     9.653353     5.356356     -4.580259     17.608526     17.002799     28.178541     3.529477     18.910905     1.867215     -14.396669     -1.277980     17.912960     13.271694     25.735047     23.211740     9.453382     -0.616242     -5.733997
-2.466245     -0.610366     2.151374     0.360634     -1.700516     15.021631     12.511896     17.054931     3.129461     1.037999     9.905910     -13.363675     2.407235     4.890658     17.615287     12.972807     10.013830     -8.019730     -15.295053     18.043863     -2.739437     -13.145225     -0.059350     1.707830     11.550399
7.953979     3.000447     11.890614     10.031444     4.379242     -0.505512     -0.107017     -12.184079     -4.830353     -28.483617     -5.874460     1.303384     10.170001     -2.895350     -7.547651     13.318238     -1.856450     10.034545     -11.343026     19.742192     6.293584     3.504194     6.823031     -5.762377     7.918917
-20.468149     -7.500660     -5.012387     -3.084915     -0.829231     -3.099622     -4.267472     1.308188     -3.326119     -1.117372     4.377537     -2.981784     -10.154639     -10.259835     -7.845174     -22.224105     -9.525770     -2.292925     -15.287666     -4.774321     -11.229039     -2.362809     11.553499     -7.426192     -8.199925
-11.083447     -16.552098     -28.050742     -19.147249     -2.638908     -10.381821     3.656905     -26.960218     -17.287357     -9.070812     -22.495759     -39.825501     -8.397094     -21.308882     -16.897329     -13.481852     -29.269031     -21.803006     -29.988499     -2.350616     -18.255295     -41.555495     -27.863777     -24.471567     -46.532504
38.682896     22.324811     32.200781     43.187101     28.180878     31.767471     25.866180     28.801460     19.015737     30.626736     28.347088     33.148399     10.864443     43.867965     27.610083     31.416256     31.308369     30.716181     16.302027     27.886668     40.614370     41.311603     24.926117     30.951777     47.654757
-24.310349     1.382921     -13.031602     -16.836223     -20.863743     -21.058282     -24.648086     -7.169175     6.021335     -25.141178     -18.086869     -0.793911     22.953776     -10.219638     -28.470363     6.115378     -1.884918     -3.908137     8.333759     -16.452686     -29.411753     -30.208996     -9.412677     -13.276019     -9.100503
-2.101782     -1.582028     -3.094177     -1.723391     2.026293     -49.195083     -38.754705     -6.842995     20.517294     -21.156700     -25.802254     -27.258589     -5.095778     -12.164387     -26.873781     21.567100     -11.466946     -2.569397     -15.133581     -28.197286     -37.369683     -0.172772     -19.605174     -2.037574     -1.524585
15.995067     5.726535     2.042628     14.101709     5.298616     48.495646     29.082902     21.693587     -2.494540     41.729060     26.053017     14.686354     5.839116     31.745082     33.851374     25.388607     41.987788     5.230138     17.202090     19.356802     27.861374     -2.764882     29.216579     16.235500     35.909690
13.964724     19.408815     27.288476     29.309592     25.554702     4.012258     9.316023     5.912942     14.061362     -10.051670     39.783219     40.586047     8.662134     39.743703     18.713814     36.217494     11.365767     9.839448     -10.778272     19.285506     11.251072     25.596494     15.409421     41.143998     39.414972
-1.986416     3.667592     5.507239     5.413215     9.187729     9.435378     34.817220     20.780694     -8.366150     25.699927     19.019696     20.740759     -1.756444     5.909103     3.451297     1.573549     16.302499     25.198474     16.079636     42.430338     -2.234500     -5.850603     2.007788     -1.215770     30.084459
5.949842     -0.699661     7.419133     5.400314     19.726016     18.457489     4.383995     10.051821     7.742620     -2.402717     17.658392     3.894077     1.916686     14.848084     22.293829     8.070245     10.839744     -7.433462     -6.678259     5.909131     6.382769     -13.731336     8.476591     12.195324     24.435179
7.930342     -6.364874     -1.412429     -3.261944     -4.345639     -13.865443     -21.615215     -2.418841     19.433156     -1.199691     10.152102     -6.480449     -12.768131     -3.786147     -1.327978     -2.691620     -10.439364     -15.751591     1.830392     -18.957083     12.564216     -2.093432     -3.509317     -7.925754     -14.472739
-8.308626     -1.768395     -6.957436     -14.756665     -7.680184     -27.186186     -24.347708     -24.110127     -23.875229     -39.001769     -17.909925     -10.407538     8.733822     -24.671953     -17.998731     -21.614190     -25.223938     -11.889218     -1.690070     -32.864487     -10.199514     -6.400056     -21.813185     -21.852172     -25.637146
24.831089     9.070550     5.069836     -0.956244     -5.386005     2.085389     -6.913206     -9.505905     18.309068     9.502776     10.320409     8.209346     22.065807     20.424477     3.733467     20.918410     17.426196     -5.902353     7.332084     3.055505     -11.728284     33.913477     4.005785     15.300001     -13.725551
10.777237     -3.386791     15.158072     10.816008     19.922556     25.750192     9.979852     33.366428     12.994603     44.144598     23.899864     6.736798     1.894664     3.554679     19.144046     8.997069     26.092056     3.086288     20.397642     5.004811     36.317232     -15.373240     11.695925     9.911747     37.297564
-15.178822     -1.904741     -15.887142     -27.146787     -28.911650     -37.418863     -30.977859     -19.910162     -32.357990     -28.946630     -26.917987     -29.344144     -9.703564     -8.044640     -44.386677     -20.165056     -20.948182     -20.675943     -16.242326     -24.119983     -27.726679     -1.787862     -19.028805     -23.354293     -31.191594
36.113571     26.505640     40.559688     59.153628     20.856588     55.389523     40.462481     55.558831     27.271454     67.180591     43.334006     86.489955     40.255742     52.144647     37.155411     34.750441     57.916994     24.964074     48.156380     51.945506     56.454447     58.122618     58.984273     59.430417     55.339244
1.357217     12.697919     7.566963     22.413903     -9.662351     7.741418     3.208656     41.740438     7.914621     5.629474     16.347153     23.868319     16.378823     25.804940     17.633910     -17.135631     30.319124     4.722501     4.178165     1.044310     21.144665     15.561697     20.301130     12.023847     4.962445
-5.892322     -10.017129     -8.701771     -1.267732     15.737733     -18.752077     -4.556764     6.550984     -0.323822     31.674100     19.555833     -3.341657     -25.266314     2.545149     0.088613     -7.408636     14.684217     -16.650189     -6.486454     -17.401806     15.099915     -16.615332     0.422848     -12.730497     0.654724
4.898990     -31.026964     -31.552919     -46.285211     -25.735581     -22.927074     -22.020741     -20.850827     -11.650281     -48.525748     -59.315174     -68.264986     -19.887272     -27.684931     -30.606711     -0.604861     -37.520411     -51.505944     -21.552319     -29.007428     -19.553814     -50.470027     -39.650748     -33.797350     -42.644065
2.825830     5.835647     20.492580     -5.795162     18.442276     32.115318     4.746030     -10.116502     -12.321279     25.218834     -3.047566     22.151125     4.506478     3.782081     12.123135     -3.095839     9.863780     18.859426     -13.554632     21.156318     -1.301427     6.634062     0.881698     5.046353     13.886732
-6.505436     -10.505091     -10.595783     11.955504     -5.977661     4.362699     -16.046636     -5.157499     -7.461546     -26.283525     -12.111888     -17.299378     -20.592757     -1.738700     -6.546259     2.003450     -5.124381     -24.049628     -15.741565     -16.299627     -4.937345     -14.420442     4.718173     -14.424237     -11.356285
-31.071444     -45.427700     -50.405322     -73.199018     -34.815735     -55.264074     -55.507493     -44.182034     -19.929250     -67.765488     -74.132557     -98.736568     -59.701295     -58.191464     -34.477799     -32.105188     -52.456585     -82.909090     -50.256404     -70.724548     -40.880719     -87.464896     -63.256647     -55.837063     -82.893606
11.880327     9.485109     13.486539     18.441107     20.036788     28.048834     17.885604     23.425952     15.452277     34.714719     14.980112     14.102262     16.935917     16.652283     19.521425     22.345081     25.288884     13.212942     11.043123     20.784054     22.155162     34.195139     26.491780     25.054184     9.782917
9.842788     -11.019835     -15.864347     -30.585841     -4.732896     -17.035375     -27.031570     -6.995521     -12.734891     -20.140688     -32.498888     -12.242314     -23.880492     -42.841187     -21.501347     -18.259141     -20.503276     -35.493874     -15.491949     -12.764382     -31.193497     -44.091756     -4.208750     -20.114603     -29.240089
21.039330     15.435619     13.949887     36.743867     7.719443     13.348122     12.893619     9.125693     0.722275     18.474120     17.800158     29.595596     14.703760     0.689756     22.082123     -5.150762     4.893693     20.441819     -6.553716     26.400920     47.463440     39.446695     9.819916     17.192282     16.514332
-16.357970     -20.089508     -31.855206     -26.605386     -20.372240     -25.878105     -23.083681     -39.724142     -26.219039     -42.882000     -43.438798     -41.314889     -27.561563     -33.008016     -34.494391     -17.177176     -37.086813     -39.834367     -35.633711     -33.033681     -31.824969     -50.919123     -28.372075     -39.448363     -44.460659
27.606322     19.217803     22.762332     38.543984     36.009219     -32.117814     10.153952     7.637459     18.083776     25.014193     10.187412     32.222361     14.522359     -9.995565     22.593289     27.895114     -15.564545     18.684701     23.446590     41.361881     22.860759     14.055832     27.507025     19.639692     14.089124
28.497044     53.047827     47.090913     75.633266     23.822491     24.121526     35.966416     42.107436     22.287434     58.936925     68.522574     73.945213     35.949325     50.728329     37.790333     18.984384     40.823564     41.156980     23.230098     50.086539     69.448297     76.968851     61.436140     37.538667     55.701886
-17.993855     7.543078     -3.569391     0.791533     6.099234     -3.292619     9.931798     -2.742691     5.884230     -6.482523     -8.708982     4.517009     12.690177     -7.660481     -4.771904     -5.315078     3.648925     -2.580738     -6.479259     -1.125166     0.585867     -22.665971     3.528172     3.806269     12.491082
5.675193     5.479461     0.315239     -7.588013     -24.946023     16.805427     5.795154     21.116085     3.721670     -1.241010     -2.610350     2.931737     3.090304     -10.803295     -2.868734     -4.069518     30.868378     10.491589     -4.410383     -4.603954     17.641253     24.154679     6.691794     19.260770     -11.599351
-41.352712     -28.710808     -33.129650     -47.164464     -19.255012     -21.785250     -9.538484     -40.777249     -26.923830     -43.852427     -26.053711     -72.715988     -13.289398     -40.642141     -30.529919     -23.179814     -46.373370     -24.506071     -34.784219     -23.809514     -23.590154     -38.521026     -37.865412     -46.676178     -46.160443
7.347589     18.563066     32.134301     41.810583     15.896796     72.105131     50.469808     49.059850     5.221225     57.058083     57.195934     54.189273     25.149448     39.418178     60.866088     6.987668     43.950455     47.326611     45.282289     50.453281     47.552461     26.955159     40.861019     37.635051     45.112715
15.767980     3.520652     5.880522     13.404110     -2.766977     41.514757     22.189120     13.485478     7.696156     26.518597     14.047462     21.092526     27.089411     22.385217     24.518956     2.132123     35.178221     1.249467     15.737748     26.816674     34.602923     -9.291341     16.089981     20.125483     26.933692
-11.479267     15.939102     4.277985     20.522759     -12.685017     20.893892     5.874064     26.934745     0.674529     25.455222     27.815055     20.371358     27.953053     22.010818     14.427890     3.817811     13.253998     3.076792     10.510086     7.916069     8.224273     8.529829     14.838256     40.370229     8.170166
3.868855     -5.149259     1.470597     -18.791515     -8.039373     -13.856284     -14.449556     -25.737720     3.564952     -41.244041     -10.890092     4.384252     9.335091     -18.134714     -11.467743     2.112071     -5.333974     -12.895244     15.209254     -4.403830     2.374734     -2.100503     5.660341     -9.903750     -5.329819
5.155513     0.652333     15.038310     35.175221     14.286292     25.513423     25.483932     10.027074     28.338226     15.602506     24.034755     26.613401     19.329245     18.674518     2.707771     10.339697     11.967255     -11.563612     41.329387     -1.211171     28.404626     19.996764     13.868915     12.399711     -0.234654
-26.383885     6.178467     -9.038753     -11.105619     -37.113329     -12.704715     -12.174358     2.657579     6.487543     -25.782897     -7.386364     -9.071582     7.200994     4.157821     -33.039572     -15.059793     -11.867518     3.104650     -6.329845     -13.132940     -8.999364     -32.022942     -12.105899     -10.322492     -1.529536
10.252842     -1.022160     8.051671     16.905995     8.952479     16.063773     24.383826     12.321133     -1.098475     14.828541     34.199618     27.109653     15.678819     -1.868132     38.135073     23.392746     12.281149     14.852333     13.427843     23.649857     -6.529952     29.391298     12.631608     25.585990     34.553295
35.540047     39.026300     48.043004     60.251649     24.606464     46.527324     38.785231     31.226948     19.634220     43.509605     48.461871     82.030836     33.502303     35.831145     51.866670     26.900746     30.976954     36.953062     29.832666     49.208564     52.738226     63.827891     51.885874     57.819882     65.470450
24.514262     1.567048     11.385416     18.299954     8.861507     -16.933152     0.877714     2.871227     10.564765     16.464192     14.589859     10.485451     6.819648     14.072988     4.101171     2.674234     5.305139     -10.856062     -6.379013     -9.204342     0.841148     0.345366     -3.737249     11.977425     9.055223
14.606986     8.148733     27.893108     37.091898     24.515627     -2.137493     -4.143587     28.915966     -8.195909     33.224362     17.201103     33.580549     32.558487     37.627350     6.776156     36.451693     30.033744     42.594955     29.874315     29.198864     9.857066     42.659378     2.111224     38.747343     44.762341
1.318072     -2.059644     -6.549551     -24.684575     -14.323444     -23.746070     -15.103247     -3.616562     2.733489     -25.964838     -10.376576     -17.273004     9.458753     -5.900515     -9.181162     -15.641198     -8.650454     7.151122     -0.921866     -5.657256     -13.690421     -9.557944     -9.668630     -0.505462     -1.894662
-13.302607     10.631754     9.646436     29.254429     13.099853     -2.858837     6.791304     23.503047     10.666617     2.620978     31.174201     32.361614     17.711106     34.154515     5.840147     4.992080     14.623109     26.799024     4.954250     18.931719     -7.342811     -6.278235     10.648305     10.929532     25.134593
-26.303894     -6.907415     -6.232160     18.419290     -5.089205     17.294546     18.621327     -16.305593     -2.955316     3.052412     -2.295939     -8.300691     -15.711353     2.067452     15.991834     -3.621939     -21.316508     7.571522     -7.798964     -3.765620     -8.477440     -21.162284     -9.570561     2.050504     -17.739128
14.295101     7.655588     13.435516     12.526735     15.070289     0.517870     -1.207866     16.132865     24.196604     17.912881     22.016777     7.036824     7.546385     8.691285     11.356993     15.648835     27.221619     6.947975     12.071735     12.236402     22.244727     19.504828     24.548845     6.737827     7.794856
12.784388     2.709125     -2.490005     4.795623     -10.157167     2.628904     14.442463     3.631397     1.294642     15.114953     8.156520     13.765858     7.256622     8.302855     10.868664     -13.050672     7.207285     -9.366636     -5.525096     11.421754     13.654449     -0.011781     22.763546     13.247686     -21.451276
15.331050     16.464094     25.863358     50.629499     32.169381     12.004058     24.848655     13.590260     1.238745     22.645852     40.941791     40.847711     25.231216     25.933416     32.247456     55.960137     5.554160     21.233229     20.946784     25.328880     22.000628     41.479898     36.339747     31.615496     27.077077
-1.648210     1.517092     -0.894276     -13.081424     -5.394414     18.713313     5.848756     -0.478234     4.860325     -13.350440     -4.450142     4.514724     10.904496     0.887910     1.762559     -7.271819     7.623902     1.397425     9.777875     -12.160743     -9.328091     -15.106557     -11.779147     -8.632717     12.265115
-6.164576     -15.216673     -22.131360     -21.676566     -22.762107     -18.228726     -10.781965     -34.339441     -20.834983     -1.681032     -19.042755     -46.204331     -9.540137     -22.178985     -26.035686     3.265821     -28.613690     -4.229534     -3.401087     -6.499351     -15.457237     -37.591342     -27.357810     -17.223562     -25.506195
-7.663675     -4.893282     -11.517401     5.346200     -15.616616     -3.269990     -19.804165     -3.698646     -15.207203     -3.784928     -31.771562     -13.269356     -7.861358     -7.398905     -17.230824     -18.208627     -24.734441     -4.415253     -12.975316     4.674237     1.896900     -3.428894     -7.753882     -15.605427     -43.596374
37.524944     21.584264     31.674328     43.393772     47.055035     12.214368     28.525688     28.544994     11.344973     37.598211     31.068857     41.052865     11.873173     12.643899     51.978731     19.011065     11.198226     23.677251     19.180554     17.670748     27.419132     33.118532     21.972146     32.363081     40.754513
21.848826     13.694910     34.703539     26.969766     25.322058     7.743598     3.985860     20.616390     31.834859     21.259962     40.243522     52.694116     44.207534     32.445218     22.917310     31.069539     48.812089     34.975292     25.677932     -6.874871     29.035833     46.633697     24.243332     26.938372     55.339612
-8.083909     1.478971     2.826412     5.089147     23.779673     4.055834     1.157527     14.453489     3.230595     21.724096     8.565915     -4.121223     8.907819     26.193772     -11.713654     4.045063     -3.109533     22.572637     -1.315566     0.247275     -19.600314     7.090253     -5.939334     -2.172605     3.114847
4.391441     -3.918633     9.845131     13.515606     -8.560020     -3.268646     18.493502     16.073108     -4.034645     27.707824     8.812534     14.793171     14.547449     34.930071     7.479964     26.662825     22.910969     27.532397     22.150132     20.572362     1.974545     10.054948     8.227164     11.692563     1.695294
-14.520196     -25.275930     -22.497842     -36.913034     0.265569     -37.457790     -39.537953     -14.752108     -16.289877     -51.502490     -50.697276     -52.878013     -32.669178     -18.711060     -40.506957     -29.091588     -24.643646     -29.041976     -14.356798     -21.593431     -52.649239     -16.966961     -33.414192     -29.976643     -41.413037
-16.620782     -14.312477     -6.657265     -8.838789     3.138640     -1.176455     -3.706618     13.161185     -5.820001     -18.828528     3.120632     -22.509517     -19.542801     -5.232289     4.122148     -7.766658     -3.021229     -28.680936     1.378538     8.543653     -7.174657     -19.607411     -13.489132     -18.440809     -16.511994
-16.638771     -11.401363     -8.805499     -32.216594     -0.301700     -22.625970     -17.366537     15.685707     -14.766814     -7.134885     -8.752241     -3.854600     -2.566329     -11.269156     1.328715     -1.026922     -22.197080     27.154873     10.045281     17.818319     -18.831647     -25.577539     -16.492124     -28.870973     21.707890
23.148401     -3.258876     5.614801     19.019278     16.246531     15.053271     12.937995     9.962028     -10.501179     30.191849     5.645233     18.657129     -8.489505     5.705064     15.520379     23.122119     23.777139     -2.122794     20.677976     18.211043     1.728026     6.140453     15.535232     18.879132     26.407155
18.815221     12.866646     1.378545     -11.368025     -10.461459     13.422433     -17.226979     4.194044     4.953740     2.944729     -9.172052     14.955459     0.431619     13.086541     -13.771822     6.664511     7.777967     14.067416     27.835392     -2.252134     0.347228     27.642001     -5.903745     3.660459     15.217544
-17.525134     -8.886578     -22.475900     -32.383742     -24.042528     -20.239882     -40.272522     -35.076344     -3.261111     -40.426419     -42.290184     -32.169773     -25.524689     -39.859767     -31.374337     -20.180875     -22.737998     -37.103250     -46.141915     -31.546470     -29.386341     1.962920     -28.664294     -9.779528     -36.421665
16.987662     18.142207     24.860430     25.956875     6.012347     6.274743     3.807135     25.521782     25.854596     37.388433     40.741428     38.587865     20.030521     40.435986     -3.235878     11.459821     54.397432     19.993263     19.475608     40.043328     28.220454     27.183272     38.437904     31.026186     35.105855
0.409131     -14.329453     -13.590763     -12.431342     -21.388124     -34.776770     -36.168408     -23.225626     1.938261     -38.753876     -35.836555     -30.544821     -17.072213     -6.533625     -29.627595     25.289976     -31.672791     -36.742359     -39.590259     -30.006496     -43.052686     -43.865747     -18.319701     -29.512858     -27.601268
5.368879     -1.354914     0.180005     11.037225     -7.954492     26.824491     16.898401     -10.074623     -5.951045     15.278009     16.509430     -7.896885     7.432698     -10.042666     23.508885     -13.871607     -4.145220     3.876808     -7.688866     17.991526     31.839960     -0.833929     1.394263     -2.190841     23.685933
-4.543719     13.672494     10.189023     20.734986     -9.318964     21.423561     24.278825     33.828453     9.246651     26.534008     21.752732     28.916972     18.095512     29.335371     29.834265     -5.000373     35.673137     23.303176     1.267522     18.036603     17.342770     17.397288     15.599250     18.961175     8.864194
-4.008388     5.446257     -1.466090     0.186092     5.455528     7.889308     -6.134866     2.243620     11.802842     -2.819449     0.635626     -20.426956     19.343701     12.080305     6.891856     14.381830     0.971284     -0.898658     -4.312156     -9.315405     2.418514     -5.674238     6.024253     -9.033214     -3.130626
-8.613188     5.089184     5.894623     2.676688     -6.918828     -6.587573     7.951141     -14.004973     0.006837     -3.516723     8.188440     -10.865325     11.676826     30.465653     0.722245     -0.102141     -4.901169     6.237334     -30.770576     15.115521     1.753608     -0.324371     -22.818919     -10.101209     -0.201944
0.156198     2.633767     -8.199950     3.518828     2.879568     1.139130     -28.322520     5.854286     -9.065524     -17.831827     -28.336498     -9.658225     -9.271896     -11.290431     -11.803454     -4.488072     -18.432608     -12.234242     -5.516275     -4.443389     -4.767322     -22.373649     -10.151580     -12.045800     -1.120876
23.517375     6.548516     18.880301     27.799090     25.775037     18.018004     16.980953     26.092869     15.393047     9.923750     29.655870     33.225118     1.181536     8.217780     31.549365     7.484597     10.478890     32.576124     0.133991     25.124820     14.636195     23.288218     6.057233     28.602620     18.894871
54.778611     19.789052     27.734524     22.978179     22.389665     26.618306     19.010957     9.264692     29.709665     34.730613     25.730028     36.952861     28.673931     14.048940     42.574236     14.326684     24.795298     14.963229     38.551396     10.983845     32.973001     29.646023     22.654449     25.037860     33.364408
-10.879571     3.146730     -0.880274     -2.552177     2.347551     -40.137839     -17.270142     -17.022101     -4.534424     -15.416552     -8.711078     -15.517246     -13.099869     -11.994714     -9.008825     -2.658415     -24.467271     -2.229702     -24.226543     -11.761916     -0.509970     0.359412     -20.326504     -10.542201     -3.261564
22.834277     16.664152     19.960541     12.793084     6.198207     27.641065     16.956089     1.064094     26.094417     51.378585     43.730796     36.800471     26.468288     10.749810     50.154697     3.496943     12.603127     9.438354     26.925222     10.445575     24.847753     32.445125     18.198190     4.721947     16.119738
12.627383     3.796505     12.496318     11.235082     1.507959     -23.651678     -25.377315     21.560121     3.781181     15.339055     4.628496     6.553940     -4.949652     18.126354     -9.926405     17.547072     15.480350     -16.320890     -16.954433     -36.834219     21.615732     3.240237     -1.538824     27.436020     9.888697
10.501983     13.242197     8.114030     21.989860     -2.254764     8.230027     16.479913     4.256523     -1.114391     -4.042367     24.201810     17.120313     10.035581     30.474841     10.929828     4.122159     7.919574     4.796438     -17.019575     -6.567822     21.526256     19.402095     15.333783     8.116540     17.307797
4.910271     19.375964     34.086548     37.174942     22.515225     22.562864     13.624016     25.355897     30.072353     2.987178     29.285422     64.164775     32.844145     35.294771     25.093954     24.685004     31.275022     18.641919     14.620270     32.843617     14.856365     15.450552     20.438785     17.644274     31.551358
-4.890014     -3.883522     4.206233     -16.603343     -13.354334     3.230442     -19.056706     -6.035357     -5.860223     -4.788430     8.260313     3.720949     19.173419     6.738826     -8.673718     -3.754514     23.005675     14.111976     14.714642     -3.459626     -8.527031     15.406286     8.054168     13.669138     31.346770
10.600038     3.836295     2.225055     -17.441481     -11.619380     -1.093640     -12.537788     -9.907925     -8.056935     -9.711283     -22.752537     -14.448451     -4.797865     -11.996242     -0.160576     14.415909     -19.378219     -7.405850     -2.560791     -3.523553     3.865714     5.701541     -21.019082     -24.643671     3.277173
20.404076     19.846407     17.740598     5.488186     -21.081182     34.651100     18.202464     2.956784     1.030840     32.749362     18.845549     22.996404     29.758571     13.897268     24.457376     19.552955     27.527668     21.941595     26.556102     30.222376     20.607902     33.624714     22.969415     7.990333     18.300517
8.549738     21.191317     27.145106     36.066734     25.692945     -4.273018     -5.046383     -6.217229     -4.010458     3.072738     28.917495     28.660047     17.681514     9.421986     -1.984002     -7.067440     -6.602707     17.363158     11.657207     5.991985     -1.593762     55.195993     13.537023     13.789509     7.475146
10.383674     33.103974     39.027378     64.035903     15.335776     53.238609     34.576479     21.737080     18.929914     53.220595     54.892345     59.877716     37.320925     38.729110     37.639334     48.124575     33.848644     40.702110     51.847138     41.782424     31.521591     73.787439     52.672407     60.984276     31.938082
10.053919     -8.156061     -3.303795     -3.522833     -0.928925     14.090698     2.059866     -23.340333     -0.568772     -17.990527     -3.711090     -4.347975     6.605684     4.346228     1.561683     12.543300     -4.113020     -8.846317     -28.594427     -4.490213     -6.335778     -31.980724     0.090670     -4.273753     -2.969806
-22.264521     -11.944922     -16.025739     -25.591993     -19.880662     2.206292     4.492954     -20.771311     -30.109313     -4.187501     -11.028021     -23.472739     2.744327     -16.842135     -13.043524     -5.139793     -11.414985     1.401759     -4.821156     11.190317     -17.590581     -30.167713     -0.881380     -3.705597     -26.036795
26.578850     15.748055     13.397853     26.623977     18.879083     11.517114     -1.877878     17.744974     29.346023     22.207293     8.033646     17.370822     -0.469403     21.078727     10.327959     27.562669     26.089427     -2.977762     -11.711891     -2.625183     7.921823     27.669412     22.442982     22.117564     6.491810
-32.629060     -17.129643     -28.816154     -32.611990     -21.194853     -42.737463     -15.100083     -17.268480     -12.357644     -52.267021     -34.490030     -37.888358     -26.422345     -32.420407     -41.210610     -1.945707     -19.390569     -17.259531     -21.992034     -24.773604     -32.206830     -39.722010     -24.736313     -23.628578     -26.461461
-30.920318     -15.868477     -32.226181     -28.309305     -23.443079     -13.964185     -6.449711     -4.930624     -16.517343     -21.341044     -1.815347     -40.667255     -1.634917     -18.816949     -17.874350     -33.414624     -3.995076     -5.143083     5.948803     -8.993121     -24.608987     -43.801760     -10.333318     -18.935569     -44.395917
-6.909332     -12.830327     1.876482     -13.973254     30.369081     -27.809482     2.073569     -13.566865     4.417442     -36.394993     -24.804376     -0.706416     -16.898608     -7.202937     -14.034914     2.469451     -24.767547     -14.232342     -49.319039     -36.755670     -3.749333     -5.053211     -33.689947     -22.064887     -8.878922
-26.170316     -19.904762     -22.999009     -7.369613     -11.572739     -23.990893     -25.361403     -23.940566     -13.485852     -42.494289     -19.493616     -31.824027     -13.827881     -32.896418     -6.716747     9.526872     -17.830577     -42.207988     -24.119771     -11.680453     -28.186537     -58.848248     -5.985384     -11.177924     -33.476360
4.590604     14.505588     13.197603     5.165725     -8.787814     25.211235     -12.705694     -4.230297     -14.480878     9.193436     18.885424     32.481182     33.399948     25.673983     6.201792     25.776594     12.024395     -2.479737     21.912540     3.099536     10.972131     15.541503     19.602441     12.314086     35.420074
10.651088     6.223296     6.346295     28.440910     9.892701     24.742328     26.548043     22.390316     -13.521251     12.796933     19.281570     8.631334     2.077925     6.563939     13.555548     6.885681     8.841399     1.677004     12.222159     19.560573     29.840667     12.371691     11.187135     18.887471     28.023557
-32.239816     -27.359289     -33.476763     -49.323286     -28.482736     -31.986104     -36.126239     -47.688126     -43.987449     -35.431984     -52.167739     -39.084908     -20.651529     -42.177724     -40.372269     -20.512600     -35.070206     -4.068497     -20.491935     -1.539135     -22.233173     -35.275689     -31.375471     -39.647933     -52.412992
-3.120357     -0.577687     -8.683052     -23.795087     -15.926992     -24.586990     -7.574549     -5.668205     -5.271998     -35.046967     -14.042287     -20.331013     -11.643526     -30.401246     -8.752239     -23.697884     -24.448376     0.295135     -5.713351     -30.731406     12.605109     -8.425179     -20.643298     -17.607681     -47.087016
14.005091     8.365216     14.996196     18.361350     23.496584     21.546260     9.471018     15.443174     -6.326033     27.856247     13.658980     32.410391     13.825221     9.742985     24.553690     4.941073     2.524834     8.047067     30.719302     6.110120     2.676225     33.563870     18.281684     9.344656     22.331897
-8.121447     -4.742474     -9.582783     -12.176299     1.797688     -18.948531     -21.470428     -23.489875     0.637102     -8.547802     -16.089764     0.014567     -2.622245     -19.207426     -8.387050     -7.700019     -25.405458     -17.538166     -40.060134     -33.494413     7.134339     -9.438496     -11.185274     -14.685904     -23.809944
38.121428     21.912162     35.944714     20.632876     16.687742     23.095407     24.416336     29.102493     15.819210     35.768485     24.868292     54.974693     24.812174     30.555276     29.138517     23.527891     42.536139     9.637920     32.204054     24.448175     38.009755     53.879448     41.139456     41.521324     57.396625
23.978078     30.009855     34.757504     33.888465     12.720942     24.075973     28.441209     23.772760     22.786645     39.543185     46.987941     53.353494     21.436582     34.579325     17.922302     38.267950     30.022856     35.652891     46.592593     21.985939     40.738775     57.590202     20.665287     30.945651     61.844313
-22.524408     -5.831126     -17.629495     -19.316353     -16.552296     -27.354001     -29.794041     -17.048410     -3.247797     -59.979728     -27.344801     -19.488178     -17.148546     -19.665094     -24.204480     -19.470407     -42.051067     -19.371171     -27.895067     -29.936139     -19.563224     -17.501625     -23.341111     -43.520232     -34.794948
-9.809673     -10.291023     -2.865134     6.718207     23.866258     -33.210449     -7.928065     -1.524999     -0.405371     -6.217987     -2.405480     -6.437127     -1.099372     -22.336811     -7.912723     3.503029     -26.015254     7.698264     7.047034     -7.090170     -11.250365     -3.745427     -22.270506     3.466535     -10.106767
6.849390     5.959739     5.981746     1.225882     -8.554680     34.857336     13.086386     31.373656     1.895301     10.058526     17.280115     3.230928     27.079745     22.957270     1.120635     32.204095     27.639728     22.806793     34.242127     18.213706     0.042147     19.809646     10.028314     9.071190     33.237842
24.534845     26.954228     34.085263     42.222031     20.949463     40.846340     39.720590     40.752786     34.518374     37.182948     29.139796     59.943447     22.516067     33.314702     32.773699     35.216048     49.506716     25.652279     17.497807     37.754226     20.682580     46.461391     50.375503     26.437686     55.385117
-9.742421     -11.199798     -15.380769     -41.078599     -19.512441     -33.412003     -41.142453     -20.837588     -0.602212     -36.491199     -30.455855     -32.185403     -32.071345     -16.545937     -27.933751     -16.916336     -27.642401     -29.508142     -46.618360     -35.382501     -21.561865     -18.225854     -17.424641     -35.468825     -42.461853
-5.889439     8.070658     -6.189895     -1.034873     -3.296668     31.098988     18.909509     6.745824     -27.013273     27.822520     -3.347203     -7.213359     -7.706592     -3.748526     -9.817632     7.354865     3.861626     3.939194     5.627635     12.930429     3.195096     -3.097778     18.809072     -14.772033     -14.796442
-17.946675     -1.350219     -25.072156     -4.324105     -11.272877     -5.210291     0.955032     -10.635362     -13.841667     -5.708367     -22.009563     -20.305957     -8.288297     -14.284792     -14.785621     -9.131228     -40.662979     31.177093     -1.236519     3.754228     -16.250247     -12.108363     -17.008794     -0.107991     -20.124856
7.080577     11.360355     2.759300     9.683266     -1.393241     1.813328     15.810163     -3.055896     13.966491     21.703147     19.704980     18.883334     9.262794     2.517311     25.421384     0.608063     11.548747     0.465263     28.995529     -9.161475     9.901135     18.299306     15.864827     4.293930     14.069969
21.286502     4.475092     20.670944     28.232738     1.727229     9.745083     17.205568     31.700692     1.652282     34.063354     37.133061     27.797904     26.598242     36.391343     22.635433     15.277570     39.780865     12.537508     11.090475     17.391650     12.223804     19.330390     16.811377     15.833702     49.450899
-24.346578     -23.381331     -34.226613     -55.282100     -30.651346     -69.105100     -40.268941     -37.585456     -3.219744     -39.742216     -53.566700     -58.485127     -32.467314     -45.369849     -42.252170     -33.865360     -50.343967     -12.353525     -29.224495     -25.344125     -21.475958     -32.472874     -43.097299     -49.718877     -43.379021
-25.158609     -11.384423     -29.068106     -2.918914     -29.814022     4.874937     -17.646976     -11.092232     -24.751881     -28.549228     -25.978048     -28.664842     -18.669186     -30.750779     -14.654929     -34.855561     -5.217101     -40.813317     -25.422664     -26.980224     -11.895269     -19.504069     -15.011440     -31.770796     -38.355057
1.492398     14.511002     2.992236     23.863370     9.785303     -0.532954     23.782617     29.167528     8.221724     6.302171     23.305499     21.376660     -3.499275     1.870938     -0.055245     2.025144     5.139654     9.752045     2.088788     0.445386     -2.646038     -7.455135     30.660732     13.732841     -0.099504
37.268490     43.912484     50.257103     58.822689     38.932318     30.498321     34.420241     39.259107     29.405923     64.449439     67.775737     78.771468     5.386948     49.714868     59.869616     42.361299     34.737052     61.422659     61.201721     34.015905     41.766668     85.809973     57.134771     57.001422     55.234747
35.545386     18.312915     46.343793     56.418750     35.346448     22.591092     17.747852     39.421213     24.599262     45.691206     51.592855     53.824340     47.548519     56.736936     30.274318     22.639770     72.152422     35.592385     24.010115     10.043633     33.807543     59.246166     35.575842     35.160214     39.680329
57.687199     27.535682     41.668356     23.345392     34.479416     29.901229     16.494966     20.188082     29.674745     52.019433     45.962766     70.256155     29.396370     34.997895     43.005841     3.668774     32.390372     30.226355     12.788150     18.414639     30.430278     57.825534     26.214635     35.825379     46.586783
13.611255     17.709850     7.880095     30.625675     3.340376     21.874782     -9.771366     11.828154     18.011616     2.035937     -0.698106     19.934709     2.060319     17.546499     -6.467115     22.709708     8.879311     11.972024     28.945257     11.236136     10.165196     6.500929     22.881673     19.269969     14.041399
-2.881959     0.808847     1.737746     -5.195745     -16.837521     4.498097     1.027586     -8.482290     8.800671     -23.540129     -3.864500     2.173460     -10.944729     -7.586725     -4.782539     1.352580     -17.252497     -12.749183     -8.348978     -8.166395     -9.969243     -8.949117     -12.421126     -7.126155     1.222275
-6.582354     6.153888     0.968475     25.683785     6.615313     40.110616     29.459825     38.285147     16.390231     23.169480     37.735139     15.586693     19.353593     10.570125     35.055175     5.769474     42.144811     8.778974     14.671563     31.765275     -4.470896     -6.509126     16.513480     15.201656     26.547856
33.277336     11.916181     32.880362     24.674125     46.978426     14.802547     10.865066     3.209732     3.345476     31.831785     36.078596     51.661398     17.410847     16.884329     31.869634     40.139163     25.757726     35.468480     26.945706     13.357190     13.406041     23.030408     19.488942     40.700551     51.373275
2.512039     13.817330     20.823269     10.293678     -2.195290     41.506669     15.557206     14.693760     27.570713     28.015688     18.364127     34.309614     6.180110     17.908100     34.996942     16.724637     16.860921     28.347215     7.139495     27.491168     13.570879     31.577384     20.751525     15.028090     31.797329
0.425293     4.756341     0.376649     -5.254890     -24.562268     35.953531     30.554625     15.079304     -2.793504     9.428582     24.695316     5.473666     6.029251     3.879667     11.192650     9.844163     22.415799     3.838851     13.019799     10.552940     6.500249     0.236276     10.019896     18.366776     11.483134
-41.582450     -3.380758     -23.598562     -16.742241     -16.157453     -15.642645     -26.007183     -9.400643     -32.304315     -54.945625     -25.258190     -34.570892     -12.029572     -12.805135     -25.306731     5.003979     -24.102056     11.301675     -14.789484     -15.123855     -33.417424     -47.201343     -8.024689     -30.823313     -23.094549
0.128229     13.315518     5.900293     -2.277011     -1.224553     20.012819     11.614722     15.624276     4.204974     -4.324639     21.908065     19.028580     17.341812     14.465475     -0.597340     24.231950     22.340066     15.875139     24.780038     16.576008     15.006704     -7.387394     8.738657     11.740623     3.194605
4.500496     9.122378     8.488148     22.078222     13.362340     3.395948     -25.342475     22.604235     25.347556     5.796127     3.573201     11.077511     -13.185071     19.482410     -9.793370     -24.145642     25.983050     19.026603     -10.117447     -13.585666     17.881575     24.773015     -2.064579     -1.337355     -11.286367
12.658281     12.427689     14.926387     25.826991     11.633258     12.890121     23.360942     19.058131     1.155210     28.969639     26.881042     36.655391     31.980327     41.784556     18.352976     21.763488     24.130137     23.080881     34.088169     33.151869     5.776948     35.241997     13.422325     14.487372     32.607717
4.654020     13.077224     11.803756     2.777977     5.458444     -4.096833     -14.228156     10.963452     4.670094     14.352521     4.903207     4.834333     -8.743543     -5.197120     -15.582817     -10.840843     11.511908     13.976241     20.442403     4.752108     1.100814     7.444289     -3.649421     7.174226     13.155682
14.875168     16.968780     7.159741     1.244832     14.997465     -24.488784     -15.895510     0.861854     2.962709     -15.860733     -1.098362     9.978242     2.108861     15.075879     -3.583180     -21.124978     -11.438249     -7.685147     -18.976348     -17.158425     9.407289     18.420176     0.117762     -19.196833     -14.377168
-16.992448     -9.696020     -24.452210     -13.031727     -11.047018     -15.611149     -28.244519     -5.842836     -10.065162     -50.631027     -19.600440     -10.945412     -26.163397     -17.605414     -1.701024     -21.795012     -42.805405     -15.665729     -4.504339     -14.520795     -25.186927     -54.172436     -15.364869     -40.336154     -33.166654
15.224549     -8.058096     4.019503     -22.271183     -3.465192     -3.320613     -18.202342     -8.466505     -13.246241     -3.634553     2.309199     3.062426     0.477230     3.228889     1.672539     12.710356     8.022577     21.530931     5.539376     8.784052     3.703528     -12.505253     -20.545914     -0.312113     21.139401
-16.337694     9.047306     -6.360231     11.530889     -9.478999     4.353455     -16.757817     0.316876     4.341155     10.197597     -5.008889     -2.292331     -3.475687     8.197173     -8.835725     -11.019547     -3.397878     -3.248024     -10.226410     -6.885878     -5.461820     -3.593405     -5.771822     -10.325107     -16.385060
-24.069822     -5.907034     -18.755837     -26.458393     -17.696043     -21.703008     -6.780611     -6.988334     -14.416002     -28.287314     -28.071253     -24.598825     -11.181498     -2.384610     -18.207960     -7.358537     -14.670729     -6.194894     17.964434     -28.737792     -1.336792     -29.437083     -7.057892     -19.456939     -33.290950
11.085055     16.117312     20.103973     38.866340     16.147282     28.781000     23.731050     -9.359760     5.967449     31.327635     34.527113     21.460233     1.944473     19.141971     16.987995     16.536670     14.214529     16.408271     -15.680567     27.206625     25.526690     48.304985     29.929629     26.381592     14.752147
-23.409356     -16.806079     -23.543607     -8.429228     -29.894255     -24.425405     -13.812909     -4.989879     -25.514638     -32.635454     -8.815565     -34.112525     7.519158     -11.475508     -24.868040     -14.369717     -25.581114     9.233473     -24.848993     -21.837862     -21.843562     -29.968871     -13.436328     -38.480941     -34.270141
-2.949252     -16.216784     -16.127165     -25.802126     -3.228409     -30.426774     -21.888768     2.540084     1.944907     -21.117003     -27.227181     -19.067403     -2.414691     -18.027613     -14.122206     -5.935960     -3.373637     -18.612481     -10.591323     -28.832074     -13.326894     -28.692923     -21.497993     -18.774067     0.294877
10.492333     4.981859     2.738390     -13.376382     0.547644     -0.390545     0.220303     -28.734104     8.687355     -2.698275     -3.838012     4.113811     -2.434363     -10.185446     -2.264330     2.917496     -0.859246     17.954308     31.076590     13.433779     -16.572292     -4.969797     3.642347     -9.832446     15.667258
20.694056     -14.296267     7.302512     3.564027     14.632227     -6.375570     -0.347042     14.309005     -4.030063     29.720761     -3.052409     -6.718405     6.061620     6.699772     24.109955     9.879588     11.627472     -0.039380     36.551321     9.793087     4.714470     1.253166     -1.909236     17.200338     34.753175
23.856135     26.837020     30.210192     67.657756     33.223772     7.381909     35.670259     33.910843     9.731894     21.867200     28.250898     42.510293     30.254312     33.098537     25.665062     33.741370     32.856411     13.241811     4.298444     5.692559     19.416749     47.189954     34.343196     31.382327     46.371718
-2.242445     2.977991     0.340416     1.946624     22.583812     -1.145065     0.170103     -6.042496     6.598573     -1.251107     8.208822     3.050626     4.930585     0.302319     -22.024111     -1.447755     -2.861648     7.915265     -24.856465     4.570261     -17.249837     19.930115     6.112092     4.530878     1.903183
-0.056976     -4.539491     -16.994378     -28.455325     -30.618079     21.476174     -0.452479     -14.042796     0.785828     4.253467     -23.973907     -26.542543     -7.954470     -20.486015     -8.613790     -5.363812     -14.265576     -6.730555     -19.549082     -8.372657     -3.272385     -15.232248     -19.822922     -9.312700     -14.663830
-20.587018     -21.415194     -11.688495     -27.170134     -12.174124     -6.927507     -2.964483     -25.900837     -14.396605     -0.527920     -32.620600     -28.957251     -19.174876     -31.164126     -4.436085     -17.892652     -25.614903     -16.161358     -4.708552     -16.586973     -34.296196     -15.278546     -19.572237     -19.461886     -17.430661
-37.949337     -13.273699     -36.123995     -38.554590     -48.742545     -8.105581     -21.096390     -7.527949     -20.173030     -39.213566     -33.808978     -44.092899     -4.236850     -23.426930     -36.896497     -39.379825     -5.388148     -25.069587     -17.657148     -34.420421     -22.646020     -40.133879     -34.316754     -24.457636     -50.718399
-25.216486     -37.760255     -37.862754     -58.085226     -3.721880     -65.599403     -41.042022     -40.238489     -16.024179     -40.959531     -50.351312     -77.509741     -51.048976     -40.600803     -50.584568     -36.114002     -39.591155     -37.936227     -68.767694     -29.637926     -46.813441     -42.756578     -41.107018     -59.742870     -45.004499
-18.731480     -18.208276     -31.025293     -23.815549     -44.995865     -3.106018     -6.183681     -16.705477     -14.845407     -13.240301     -18.131880     -37.966042     -6.293831     -1.465586     -16.655938     -18.639854     -2.166801     -30.755222     5.361580     -26.828324     0.745253     -14.009166     -5.147307     -16.254743     -37.941571
46.701445     38.638833     48.784190     63.361993     42.131766     66.688753     56.469288     32.629983     32.883067     56.725263     56.056521     79.787210     29.447556     52.446607     54.782669     37.232803     61.524039     53.891134     47.015873     54.894694     43.865027     60.889099     32.618165     51.150139     77.057455
28.758040     17.047755     16.466189     28.616020     19.966273     24.922157     40.718483     1.791843     2.766405     31.675645     28.937591     41.248149     8.509666     9.469334     33.669085     12.721595     10.824987     21.463894     29.286316     40.656282     -2.315855     17.717955     45.846299     31.153397     15.274020
10.760802     28.942801     29.080269     48.988951     30.721685     33.117355     31.922564     40.139955     20.293753     26.878255     33.769368     54.873966     39.507507     32.302672     37.379504     34.281930     11.748579     28.902836     35.371605     52.638255     31.933781     39.090599     35.601969     35.348650     37.333040
43.133148     24.930897     61.831650     53.459955     36.636363     14.091401     35.050185     20.983682     35.134096     35.506236     52.328269     75.465230     44.462308     52.429180     48.392326     42.075797     41.417444     45.980558     35.761865     46.353069     50.050537     72.172787     47.232628     55.144507     71.271427
28.322973     5.761554     14.677206     31.414471     28.286260     15.101900     9.253492     -2.699984     10.708994     29.177897     13.864241     25.164002     8.008370     -1.946811     25.101415     12.645182     1.137763     -27.834795     -1.227273     11.523887     30.914995     3.319026     21.849482     21.011364     22.572856
7.774875     -9.539571     -3.943360     -0.312750     7.066433     -12.253936     -15.190582     -3.828962     21.073498     0.108530     8.008097     -11.495053     -9.913054     -6.447593     -5.889232     0.257308     6.214233     -19.035071     -27.685407     -18.990924     -5.449502     -32.661587     -1.829501     -2.986180     -12.663152
-35.556781     -24.345253     -24.889187     -45.550688     -20.666193     -38.051447     -42.582991     -41.293800     -12.968407     -70.493495     -44.748433     -56.362875     -19.256741     -32.252786     -35.105535     -19.291046     -34.695136     -26.003118     -11.948111     -51.107399     -41.064797     -31.918847     -31.567669     -28.745357     -43.582697
23.895973     22.840881     43.566442     40.695939     47.700751     26.630999     29.640556     20.480511     4.034112     55.042979     41.472277     61.023302     34.120768     39.572841     53.487016     22.816996     19.728107     8.433242     28.116941     28.686757     38.652492     57.465239     40.314091     16.747110     57.141085
17.569153     -4.291050     6.584575     -13.303716     5.720448     -11.841385     -4.695400     -4.798159     12.658981     -4.473256     2.277073     -5.612760     -5.193606     4.688536     -4.306357     11.425283     15.301947     6.182251     -15.379438     10.686504     14.228937     -11.873914     -14.611742     -5.909757     11.602928
9.146692     -5.036980     -8.060569     -6.261908     -7.740220     -12.587210     -11.459010     -25.518397     9.006460     -13.307136     -16.829038     -4.182160     -11.442532     -7.284687     -16.967243     -3.973158     5.941657     -29.124424     -23.080870     -20.438650     4.489291     0.824884     -18.532771     -6.159681     -26.410352
23.377341     3.262534     16.638660     1.815656     3.938984     31.492332     27.341325     -6.998977     11.202464     36.641891     21.250382     17.800080     27.577013     12.220117     23.806288     18.017911     24.665197     34.622729     37.665100     39.498820     16.853577     25.968208     23.787608     37.843243     27.640476
-34.464708     -19.955422     -27.658233     -35.028486     -15.617466     -77.833626     -47.222599     -49.920769     -29.586564     -81.387688     -44.536320     -48.143608     -31.762999     -35.477926     -55.610130     -8.306836     -52.454727     -9.320610     -28.529679     -33.871779     -48.198035     -35.818749     -58.749699     -22.445808     -44.928503
20.607364     25.671641     16.878415     9.445036     -13.093672     27.302444     14.934873     29.672403     10.008333     31.965348     22.492863     41.699100     27.613851     18.278367     19.902911     2.178936     45.375464     25.241258     37.119482     4.376139     20.049017     17.227962     26.166834     21.292621     6.626586
-1.193814     -6.435269     -1.705662     -11.608219     20.218648     -23.517947     -13.334022     -14.336282     7.498175     -9.704294     -11.233545     -3.272487     -11.258775     2.633750     -9.655211     -23.378094     -11.131279     13.609708     -23.766012     -14.561735     -6.046603     -6.202306     -15.266988     10.190240     -3.119301
-6.169777     -16.251345     -14.570001     -9.083640     11.973109     -59.912396     -46.129471     -15.345171     5.148579     -26.617684     -33.276813     -41.413800     -25.670132     -25.342182     -26.519451     13.277039     -32.785727     -19.874392     -19.533423     -22.829806     -35.539128     -16.549853     -25.510702     -23.418280     -14.840363
-10.821854     -25.729542     -22.055904     -20.136879     -11.697403     -20.026607     -24.330673     -41.482085     -9.813800     -53.950055     -27.290630     -23.879160     -25.961836     -10.288977     -18.576358     -21.626716     -37.105759     -51.493465     -28.590130     -27.280457     -5.507884     -35.231416     -14.862062     -47.580269     -38.097513
-30.237112     -29.457647     -36.604004     -41.685851     0.140674     -46.952643     -26.591540     -15.839988     -31.726878     -22.354873     -54.117482     -67.336067     -44.701387     -36.614183     -32.734134     -29.219360     -36.139418     -25.596967     -37.705765     -41.120966     -52.568181     -54.907800     -56.139107     -44.833812     -43.588243
-0.874288     -29.194204     -18.841637     -39.727626     -16.435111     -17.087552     -5.141376     -20.527471     -7.111218     -26.209211     -50.627748     -18.657412     -8.708890     -14.532082     -15.656611     28.801270     -15.427813     -39.513430     6.607033     -16.946727     -25.506711     -39.207529     -40.888704     -20.300077     -21.077874
-13.306002     20.145971     11.774551     41.571217     -0.274885     44.432341     36.873972     44.414747     0.546851     27.737256     41.755251     31.114634     21.151250     24.598980     28.399299     18.253672     36.070281     38.567098     38.946572     34.841153     6.515846     22.029550     21.802158     29.398986     29.828682
-6.811947     -21.290370     -28.185158     -19.835542     -22.766684     -30.238085     -28.575595     -40.216061     -16.259642     -59.455557     -40.891420     -29.891034     -33.524964     -29.895799     -26.325897     2.066033     -36.901967     -27.604773     -43.709537     -28.756520     -40.208310     -57.160784     -29.139456     -34.450554     -47.539834
-21.199262     -18.681732     -15.028625     -34.135933     -3.059923     -27.136803     -18.843488     -32.527716     -22.356652     -21.742783     -36.127640     -39.848648     -31.491882     -30.240664     -27.025455     -23.443297     -40.088215     4.484076     -16.752456     -14.342803     -14.340938     -19.444534     -40.030120     -37.486759     -46.815431
24.742059     24.135032     25.068115     30.707148     18.885502     14.580417     9.562915     45.740647     5.945176     28.536240     22.962594     36.282472     26.225576     24.116857     25.043179     30.374079     22.691275     26.928941     38.771282     29.531868     27.070344     1.527434     34.003387     1.492774     51.717459
-29.174111     -14.897579     -24.544067     -16.134613     -25.841372     20.424205     2.653278     -11.141641     4.861206     -1.114203     -4.948329     -31.557769     -0.857899     -5.939848     -5.342397     -28.934227     -20.766159     21.121115     15.230829     -7.720197     -13.799755     -30.730621     -14.175380     -14.431182     -19.969798
27.952882     34.546038     45.622092     45.205932     31.517161     49.863063     35.549433     41.759060     42.814451     76.761897     64.404256     77.976779     38.966547     48.698340     54.373620     64.708868     84.967006     42.575415     62.274511     65.571774     30.788308     40.307195     54.110105     77.111873     86.932635
-26.187446     -10.226250     -29.633412     -20.239490     -25.481126     -2.415870     -27.425218     -4.319875     -19.255296     -15.563055     -46.127933     -26.243252     -17.376100     -20.093909     -22.467641     -32.709554     -27.643477     -18.811413     -7.412376     -24.068484     -8.607201     -54.047649     -14.867847     -27.137382     -44.341628
20.053605     32.558540     32.623756     33.763091     27.116737     16.636462     14.612221     33.402801     15.566806     35.204113     25.532930     63.462467     29.626501     56.987395     2.962008     9.711538     60.507569     13.524103     19.449888     14.763570     23.081314     61.547143     40.768941     46.318845     22.196894
-42.626019     -35.073724     -59.279499     -87.527984     -54.481002     -39.517916     -56.144047     -33.135556     -61.030847     -67.427707     -77.446108     -99.761569     -44.308295     -62.356859     -47.679978     -65.157495     -69.585107     -55.659809     -40.046119     -48.832621     -40.411091     -62.421785     -39.528027     -77.932007     -94.385641
-12.779096     -7.591407     -14.420131     -17.022493     -5.889095     -16.634984     -8.299866     2.359743     -22.646264     6.678991     -5.278092     -34.071517     -13.779511     6.882332     -9.826712     -11.580603     -14.927620     -15.512900     -30.251585     -12.744107     -24.906679     -21.792443     -24.754312     -9.498901     -20.184925
-17.898192     -26.128016     -31.783466     -51.390285     -15.245015     -47.120063     -29.046038     -38.357486     -15.754922     -73.037781     -58.089594     -63.728909     -51.667186     -42.765662     -57.996484     -35.617056     -65.654837     -54.150179     -54.349785     -68.101851     -45.514303     -58.419733     -45.646881     -67.986135     -61.261307
19.374028     5.542346     15.783095     24.606816     2.374152     12.775661     0.708031     29.549160     17.039394     -3.406513     22.823972     27.019855     27.995905     23.580631     19.951495     23.276342     35.888762     13.306650     37.230892     27.657482     19.580737     15.370822     34.980496     23.644823     22.228949
15.236551     -5.864750     8.015594     1.059607     3.253311     -14.834553     -9.936531     22.380702     -2.980863     -2.902627     0.555007     9.819283     3.043565     -5.274495     -8.229316     9.225389     -3.743583     -0.422209     -13.366252     -2.883551     -12.978920     31.632705     -17.189686     5.412861     -20.146246
